1 595 933
2 595 891
3 595 846
4 595 803
5 595 758
6 595 716
7 595 675
8 595 630
9 630 594
10 676 594
11 718 594
12 759 594
13 803 594
14 844 594
15 890 594
16 934 594
17 934 480
18 934 365
19 890 365
20 844 365
21 803 365
22 759 365
23 718 365
24 676 365
25 630 365
26 595 332
27 595 288
28 595 245
29 595 201
30 595 158
31 595 116
32 595 72
33 595 28
34 480 28
35 367 28
36 367 72
37 367 116
38 367 158
39 367 201
40 367 245
41 367 288
42 367 332
43 333 365
44 288 365
45 246 365
46 201 366
47 158 365
48 116 365
49 72 365
50 28 365
51 28 480
52 28 594
53 72 594
54 116 594
55 158 594
56 201 594
57 246 594
58 288 594
59 333 594
60 367 630
61 367 675
62 367 716
63 367 758
64 367 803
65 367 846
66 367 891
67 367 933
68 480 933
69 480 891
70 480 846
71 480 803
72 480 758
73 480 716
74 480 675
75 480 630
76 480 587
77 890 480
78 844 480
79 803 480
80 759 480
81 718 480
82 676 480
83 630 480
84 587 480
85 480 72
86 480 116
87 480 158
88 480 201
89 480 245
90 480 288
91 480 332
92 480 375
93 72 480
94 116 480
95 158 480
96 201 480
97 246 480
98 288 480
99 333 480
100 376 480
